trip_id,stop_a,stop_b,seq_a,seq_b
1.91.11426565,1.912,1.909,6,7
1.91.11426565,1.905,1.903,10,11
1.91.11426566,1.903,1.905,2,3
1.91.11426566,1.909,1.912,6,7
1.91.11426567,1.912,1.909,6,7
1.91.11426567,1.905,1.903,10,11
1.91.11426568,1.903,1.905,2,3
1.91.11426568,1.909,1.912,6,7
1.91.11426569,1.912,1.909,6,7
1.91.11426569,1.905,1.903,10,11
1.91.11426570,1.903,1.905,2,3
1.91.11426570,1.909,1.912,6,7
1.91.11426571,1.912,1.909,6,7
1.91.11426571,1.905,1.903,10,11
1.91.11426572,1.903,1.905,2,3
1.91.11426572,1.909,1.912,6,7
1.91.11426608,1.903,1.905,2,3
1.91.11426608,1.909,1.912,6,7
1.91.11426609,1.912,1.909,6,7
1.91.11426609,1.905,1.903,10,11
1.91.11426685,1.903,1.905,2,3
1.91.11426685,1.909,1.912,6,7
1.91.11426686,1.912,1.909,6,7
1.91.11426686,1.905,1.903,10,11
1.91.11426687,1.903,1.905,2,3
1.91.11426687,1.909,1.912,6,7
1.91.11426688,1.912,1.909,6,7
1.91.11426688,1.905,1.903,10,11
1.91.11426689,1.903,1.905,2,3
1.91.11426689,1.909,1.912,6,7
1.91.11426690,1.912,1.909,6,7
1.91.11426690,1.905,1.903,10,11
1.91.11426691,1.903,1.905,2,3
1.91.11426691,1.909,1.912,6,7
1.91.11426692,1.912,1.909,6,7
1.91.11426728,1.912,1.909,6,7
1.91.11426728,1.905,1.903,10,11
1.91.11426729,1.903,1.905,2,3
1.91.11426729,1.909,1.912,6,7
1.91.11426730,1.912,1.909,6,7
1.91.11426730,1.905,1.903,10,11
1.91.11426731,1.903,1.905,2,3
1.91.11426731,1.909,1.912,6,7
1.91.11426732,1.912,1.909,6,7
1.91.11426732,1.905,1.903,10,11
1.91.11426733,1.903,1.905,2,3
1.91.11426733,1.909,1.912,6,7
1.91.11426734,1.912,1.909,6,7
1.91.11426734,1.905,1.903,10,11
1.91.11426735,1.903,1.905,2,3
1.91.11426770,1.903,1.905,2,3
1.91.11426770,1.909,1.912,6,7
1.91.11426771,1.912,1.909,6,7
1.91.11426771,1.905,1.903,10,11
1.91.11426772,1.912,1.909,6,7
1.91.11426772,1.905,1.903,10,11
1.91.11426773,1.912,1.909,6,7
1.91.11426773,1.905,1.903,10,11
1.91.11426774,1.903,1.905,2,3
1.91.11426774,1.909,1.912,6,7
1.91.11426775,1.912,1.909,6,7
1.91.11426775,1.905,1.903,10,11
1.91.11426776,1.903,1.905,2,3
1.91.11426776,1.909,1.912,6,7
1.91.11426777,1.912,1.909,6,7
1.91.11426777,1.905,1.903,10,11
1.91.11426778,1.903,1.905,2,3
1.91.11426778,1.909,1.912,6,7
1.91.11426779,1.912,1.909,6,7
1.91.11426779,1.905,1.903,10,11
1.91.11426815,1.903,1.905,2,3
1.91.11426815,1.909,1.912,6,7
1.91.11426816,1.912,1.909,6,7
1.91.11426816,1.905,1.903,10,11
1.91.11426817,1.903,1.905,2,3
1.91.11426817,1.909,1.912,6,7
1.91.11426818,1.912,1.909,6,7
1.91.11426818,1.905,1.903,10,11
1.91.11426819,1.903,1.905,2,3
1.91.11426819,1.909,1.912,6,7
1.91.11426820,1.912,1.909,6,7
1.91.11426820,1.905,1.903,10,11
1.91.11426821,1.903,1.905,2,3
1.91.11426821,1.909,1.912,6,7
1.91.11427723,1.912,1.909,6,7
1.91.11427723,1.905,1.903,10,11
1.91.11427759,1.903,1.905,2,3
1.91.11427759,1.909,1.912,6,7
1.91.11427795,1.912,1.909,6,7
1.91.11427795,1.905,1.903,10,11
1.91.11427942,1.912,1.909,6,7
1.91.11427942,1.905,1.903,10,11
1.91.11427978,1.903,1.905,2,3
1.91.11427978,1.909,1.912,6,7
1.91.11428014,1.912,1.909,6,7
1.91.11428014,1.905,1.903,10,11
1.91.11428106,1.903,1.905,2,3
1.91.11428106,1.909,1.912,6,7
1.91.11428197,1.903,1.905,2,3
1.91.11428197,1.909,1.912,6,7
1.91.11428288,1.903,1.905,2,3
1.91.11428288,1.909,1.912,6,7
1.91.11428289,1.912,1.909,6,7
1.91.11428289,1.905,1.903,10,11
1.91.11428290,1.903,1.905,2,3
1.91.11428290,1.909,1.912,6,7
1.91.11428393,1.912,1.909,6,7
1.91.11428393,1.905,1.903,10,11
1.91.11428394,1.903,1.905,2,3
1.91.11428394,1.909,1.912,6,7
1.91.11428395,1.912,1.909,6,7
1.91.11428395,1.905,1.903,10,11
1.91.11428432,1.903,1.905,2,3
1.91.11428432,1.909,1.912,6,7
1.91.11428433,1.912,1.909,6,7
1.91.11428433,1.905,1.903,10,11
1.91.11428434,1.903,1.905,2,3
1.91.11428434,1.909,1.912,6,7
1.91.11428594,1.903,1.905,2,3
1.91.11428594,1.909,1.912,6,7
1.91.11428595,1.912,1.909,6,7
1.91.11428595,1.905,1.903,10,11
1.91.11428596,1.903,1.905,2,3
1.91.11428596,1.909,1.912,6,7
1.91.11428633,1.912,1.909,6,7
1.91.11428633,1.905,1.903,10,11
1.91.11428634,1.903,1.905,2,3
1.91.11428634,1.909,1.912,6,7
1.91.11428671,1.903,1.905,2,3
1.91.11428671,1.909,1.912,6,7
1.91.11428672,1.912,1.909,6,7
1.91.11428672,1.905,1.903,10,11
1.91.11428773,1.912,1.909,6,7
1.91.11428773,1.905,1.903,10,11
1.91.11428774,1.903,1.905,2,3
1.91.11428774,1.909,1.912,6,7
1.91.11428775,1.912,1.909,6,7
1.91.11428775,1.905,1.903,10,11
1.91.11428873,1.912,1.909,6,7
1.91.11428873,1.905,1.903,10,11
1.91.11428874,1.903,1.905,2,3
1.91.11428874,1.909,1.912,6,7
1.91.11428875,1.912,1.909,6,7
1.91.11428875,1.905,1.903,10,11
